유저번호,user1,user2,user3,user4,user5,user6,user7,user8,user9,user10,user11,user12,user13,user14,user15,user16,user17,user18,user19,user20,user21,user22,user23,user24,user25,user26,user27,user28,user29,user30,user31,user32,user33,user34,user35,user36,user37,user38,user39,user40,user41,user42,user43,user44,user45,user46,user47,user48,user49,user50,user51,user52,user53,user54,user55,user56,user57,user58,user59,user60,user61,user62,user63,user64,user65,user66,user67,user68,user69,user70,user71,user72,user73,user74,user75,user76,user77,user78,user79,user80,user81,user82,user83,user84,user85,user86,user87,user88,user89,user90,user91,user92,user93,user94,user95,user96,user97,user98,user99,user100,user101,user102,user103,user104,user105,user106,user107,user108,user109,user110,user111,user112,user113,user114,user115,user116,user117,user118,user119,user120,user121,user122,user123,user124,user125,user126,user127,user128,user129,user130,user131,user132,user133,user134,user135,user136,user137,user138,user139,user140,user141,user142,user143,user144,user145,user146,user147,user148,user149,user150,user151
user1,0.9999999999999998,0.46666666666666656,0.5999999999999999,0.6262242910851493,0.3999999999999999,0.10025608236552057,0.3864367132317184,-0.5865696889543477,-0.3279566366999692,0.5999999999999999,0.5333333333333332,0.08113480845393758,0.037367949319753097,0.06227991553292183,-0.3279566366999692,0.10392304845413261,0.46666666666666656,0.2760262237369417,0.5999999999999999,0.0923760430703401,0.06634307430901833,0.33123146848433005,0.5333333333333332,-0.3279566366999692,-0.48880807412862304,-0.48880807412862304,0.08944271909999156,0.037367949319753097,0.07390083445627209,0.3864367132317184,0.33123146848433005,-0.29814239699997197,0.5999999999999999,-0.5376888815414853,-0.218751703290072,0.08719188174609055,0.05962847939999438,0.3864367132317184,0.7333333333333332,0.4968472027264951,0.6666666666666665,0.6624629369686601,0.8666666666666665,0.6624629369686601,0.10434983894999017,0.8666666666666665,-1.144681744545748,0.13268614861803665,-0.48880807412862304,0.8666666666666665,-0.3577708763999664,0.10392304845413261,0.5333333333333332,0.08529823839730928,0.10434983894999017,0.07473589863950619,-0.24305744810008004,-0.3279566366999692,-0.48880807412862304,0.037367949319753097,0.10434983894999017,0.08944271909999156,0.10434983894999017,0.04982393242633746,0.10434983894999017,0.07453559924999298,0.3999999999999999,0.07453559924999298,0.11925695879998877,0.13416407864998736,0.0923760430703401,-0.3577708763999664,0.07453559924999298,-0.6627104836843803,-0.29814239699997197,0.06227991553292183,0.08593378488473193,-0.48880807412862304,-0.3577708763999664,0.16397831834998453,0.8666666666666665,-0.3875851160999636,-0.4173993557999608,0.08262364471909153,0.12701705922171763,0.08593378488473193,0.08944271909999156,0.12701705922171763,0.0758206563531638,0.10392304845413261,-0.2683281572999748,0.12701705922171763,0.5999999999999999,0.3864367132317184,0.05686549226487284,0.04982393242633746,0.15011106998930268,0.10392304845413261,-0.24305744810008004,0.0923760430703401,0.5163977794943221,-0.26736319291008803,-0.3577708763999664,-0.5865696889543477,0.5999999999999999,0.5333333333333332,0.04982393242633746,-0.291668937720096,0.3999999999999999,0.10392304845413261,0.10392304845413261,0.08164965809277257,0.08529823839730928,0.46666666666666656,0.2760262237369417,0.10392304845413261,0.2760262237369417,0.22082097898955336,0.3999999999999999,0.22082097898955336,0.0758206563531638,0.05962847939999438,0.22082097898955336,0.13856406460551016,-0.29814239699997197,-0.7229568912920512,-0.5865696889543477,-0.48880807412862304,-0.19444595848006402,-0.5376888815414853,-0.19444595848006402,-0.3279566366999692,-0.29814239699997197,0.08082903768654759,0.10141851056742197,0.04982393242633746,0.11925695879998877,-0.5376888815414853,0.33333333333333326,0.2760262237369417,0.33333333333333326,-0.7229568912920512,-0.0,-0.0,-0.0,-0.0,-0.0,-0.0,-0.0,-0.0,-0.0
user2,0.46666666666666656,0.9999999999999998,0.5999999999999999,0.37573457465108967,0.5333333333333332,0.11457837984630923,0.2760262237369417,-0.5376888815414853,-0.29814239699997197,0.5333333333333332,0.5333333333333332,0.0721198297368334,0.037367949319753097,0.08719188174609055,-0.3279566366999692,0.08082903768654759,0.5999999999999999,0.33123146848433005,0.3999999999999999,0.0923760430703401,0.06634307430901833,0.3864367132317184,0.33333333333333326,-0.29814239699997197,-0.5865696889543477,-0.5376888815414853,0.13416407864998736,0.07473589863950619,0.07390083445627209,0.2760262237369417,0.2760262237369417,-0.2683281572999748,0.3999999999999999,-0.5376888815414853,-0.218751703290072,0.037367949319753097,0.05962847939999438,0.4416419579791067,0.46666666666666656,0.2760262237369417,0.3999999999999999,0.2760262237369417,0.3999999999999999,0.2760262237369417,0.11925695879998877,0.3999999999999999,-0.7229568912920512,0.06634307430901833,-0.63545049636721,0.3999999999999999,-0.3279566366999692,0.11547005383792512,0.7999999999999998,0.06634307430901833,0.10434983894999017,0.09964786485267492,-0.24305744810008004,-0.29814239699997197,-0.48880807412862304,0.06227991553292183,0.08944271909999156,0.04472135954999578,0.08944271909999156,0.04982393242633746,0.08944271909999156,0.10434983894999017,0.7333333333333332,0.10434983894999017,0.07453559924999298,0.07453559924999298,0.07390083445627209,-0.29814239699997197,0.10434983894999017,-0.8434497065073931,-0.3279566366999692,0.08719188174609055,0.11457837984630923,-0.48880807412862304,-0.4770278351999552,0.07453559924999298,0.46666666666666656,-0.4173993557999608,-0.4173993557999608,0.09295160030897798,0.11547005383792512,0.1289006773270979,0.13416407864998736,0.13856406460551016,0.09477582044145474,0.11547005383792512,-0.3279566366999692,0.12701705922171763,0.46666666666666656,0.4416419579791067,0.0758206563531638,0.08719188174609055,0.12701705922171763,0.11547005383792512,-0.218751703290072,0.15011106998930268,0.6454972243679026,-0.291668937720096,-0.3577708763999664,-0.48880807412862304,0.5999999999999999,0.5333333333333332,0.04982393242633746,-0.24305744810008004,0.46666666666666656,0.10392304845413261,0.10392304845413261,0.08164965809277257,0.08529823839730928,0.5333333333333332,0.3864367132317184,0.11547005383792512,0.3864367132317184,0.33123146848433005,0.33333333333333326,0.3864367132317184,0.08529823839730928,0.08944271909999156,0.33123146848433005,0.12701705922171763,-0.3279566366999692,-0.7229568912920512,-0.48880807412862304,-0.5865696889543477,-0.24305744810008004,-0.5865696889543477,-0.24305744810008004,-0.3875851160999636,-0.3279566366999692,0.0923760430703401,0.12395595736018243,0.04982393242633746,0.07453559924999298,-0.5376888815414853,0.5999999999999999,0.33123146848433005,0.46666666666666656,-0.7832032988997222,-0.0,-0.0,-0.0,-0.0,-0.0,-0.0,-0.0,-0.0,-0.0
user3,0.5999999999999999,0.5999999999999999,0.9999999999999998,0.4383570037596046,0.33333333333333326,0.05728918992315461,0.33123146848433005,-0.63545049636721,-0.3875851160999636,0.46666666666666656,0.5333333333333332,0.06310485101972922,0.06227991553292183,0.06227991553292183,-0.29814239699997197,0.10392304845413261,0.33333333333333326,0.2760262237369417,0.3999999999999999,0.0923760430703401,0.05686549226487284,0.4416419579791067,0.33333333333333326,-0.3875851160999636,-0.5376888815414853,-0.5865696889543477,0.08944271909999156,0.06227991553292183,0.10161364737737412,0.5520524474738834,0.4416419579791067,-0.3279566366999692,0.5999999999999999,-0.7332121111929344,-0.24305744810008004,0.08719188174609055,0.10434983894999017,0.22082097898955336,0.7333333333333332,0.4968472027264951,0.6666666666666665,0.3864367132317184,0.5333333333333332,0.3864367132317184,0.05962847939999438,0.5333333333333332,-0.8434497065073931,0.08529823839730928,-0.63545049636721,0.5333333333333332,-0.4173993557999608,0.13856406460551016,0.5333333333333332,0.05686549226487284,0.08944271909999156,0.08719188174609055,-0.291668937720096,-0.3577708763999664,-0.48880807412862304,0.06227991553292183,0.05962847939999438,0.05962847939999438,0.10434983894999017,0.07473589863950619,0.05962847939999438,0.07453559924999298,0.5333333333333332,0.08944271909999156,0.08944271909999156,0.07453559924999298,0.12008885599144214,-0.2683281572999748,0.07453559924999298,-0.6627104836843803,-0.3279566366999692,0.06227991553292183,0.11457837984630923,-0.48880807412862304,-0.3279566366999692,0.08944271909999156,0.5999999999999999,-0.3875851160999636,-0.29814239699997197,0.0722956891292051,0.12701705922171763,0.07161148740394327,0.07453559924999298,0.0923760430703401,0.10425340248560022,0.11547005383792512,-0.3279566366999692,0.16165807537309518,0.46666666666666656,0.4968472027264951,0.0758206563531638,0.07473589863950619,0.0923760430703401,0.13856406460551016,-0.26736319291008803,0.0923760430703401,0.6454972243679026,-0.340280427340112,-0.3279566366999692,-0.5376888815414853,0.46666666666666656,0.5333333333333332,0.037367949319753097,-0.315974682530104,0.46666666666666656,0.10392304845413261,0.10392304845413261,0.08164965809277257,0.0758206563531638,0.46666666666666656,0.3864367132317184,0.10392304845413261,0.3864367132317184,0.3864367132317184,0.33333333333333326,0.22082097898955336,0.09477582044145474,0.05962847939999438,0.22082097898955336,0.11547005383792512,-0.3577708763999664,-0.7832032988997222,-0.48880807412862304,-0.63545049636721,-0.218751703290072,-0.5376888815414853,-0.19444595848006402,-0.3279566366999692,-0.3279566366999692,0.0923760430703401,0.13522468075656266,0.04982393242633746,0.10434983894999017,-0.5865696889543477,0.46666666666666656,0.3864367132317184,0.3999999999999999,-0.7229568912920512,-0.0,-0.0,-0.0,-0.0,-0.0,-0.0,-0.0,-0.0,-0.0
user4,0.6262242910851493,0.37573457465108967,0.4383570037596046,1.0,0.5009794328681195,0.10762764703940997,0.36299408518921206,-0.5969018049108937,-0.280056016805602,0.5636018619766344,0.5636018619766344,0.09314907782839349,0.058501793930170444,0.035101076358102265,-0.33606722016672236,0.11931175180026085,0.4383570037596046,0.25928148942086576,0.5636018619766344,0.11931175180026085,0.0712211051615561,0.41485038307338523,0.6262242910851493,-0.3080616184861622,-0.4591552345468413,-0.6428173283655779,0.0980196058819607,0.058501793930170444,0.07809496481471621,0.36299408518921206,0.25928148942086576,-0.33606722016672236,0.4383570037596046,-0.5969018049108937,-0.22831271719415724,0.04680143514413636,0.08401680504168059,0.41485038307338523,0.4383570037596046,0.31113778730503894,0.4383570037596046,0.4667066809575584,0.6262242910851493,0.4667066809575584,0.07001400420140048,0.6262242910851493,-0.9054663334689765,0.09792901959713964,-0.5509862814562095,0.6262242910851493,-0.36407282184728257,0.10846522890932805,0.4383570037596046,0.08902638145194512,0.1260252075625209,0.02340071757206818,-0.22831271719415724,-0.33606722016672236,-0.5969018049108937,0.058501793930170444,0.0980196058819607,0.07001400420140048,0.0980196058819607,0.09360287028827272,0.07001400420140048,0.056011203361120386,0.3131121455425747,0.08401680504168059,0.1120224067222408,0.08401680504168059,0.060740528189223715,-0.33606722016672236,0.08401680504168059,-0.6790997501017325,-0.280056016805602,0.058501793930170444,0.06726727939963123,-0.5969018049108937,-0.3080616184861622,0.1120224067222408,0.6262242910851493,-0.280056016805602,-0.36407282184728257,0.07761140001162654,0.11931175180026085,0.08072073527955748,0.07001400420140048,0.09761870601839526,0.0712211051615561,0.09761870601839526,-0.42008402520840293,0.09761870601839526,0.5009794328681195,0.25928148942086576,0.08012374330675061,0.08190251150223862,0.11931175180026085,0.09761870601839526,-0.22831271719415724,0.07592566023652964,0.4244373438135828,-0.2054814454747415,-0.3080616184861622,-0.5509862814562095,0.4383570037596046,0.6262242910851493,0.07020215271620453,-0.2054814454747415,0.37573457465108967,0.09761870601839526,0.10846522890932805,0.061357199107789626,0.08012374330675061,0.5009794328681195,0.25928148942086576,0.09761870601839526,0.36299408518921206,0.36299408518921206,0.37573457465108967,0.31113778730503894,0.0712211051615561,0.07001400420140048,0.25928148942086576,0.09761870601839526,-0.36407282184728257,-0.7356913959435435,-0.6428173283655779,-0.5050707580015255,-0.18265017375532577,-0.5509862814562095,-0.2054814454747415,-0.36407282184728257,-0.33606722016672236,0.07592566023652964,0.10585122480499261,0.04680143514413636,0.07001400420140048,-0.5050707580015255,0.4383570037596046,0.31113778730503894,0.37573457465108967,-0.6790997501017325,-0.0,-0.0,-0.0,-0.0,-0.0,-0.0,-0.0,-0.0,-0.0
user5,0.3999999999999999,0.5333333333333332,0.33333333333333326,0.5009794328681195,0.9999999999999998,0.10025608236552057,0.33123146848433005,-0.48880807412862304,-0.2683281572999748,0.46666666666666656,0.3999999999999999,0.0721198297368334,0.04982393242633746,0.07473589863950619,-0.29814239699997197,0.0923760430703401,0.5999999999999999,0.33123146848433005,0.5999999999999999,0.11547005383792512,0.0758206563531638,0.33123146848433005,0.5999999999999999,-0.3279566366999692,-0.5865696889543477,-0.5376888815414853,0.08944271909999156,0.04982393242633746,0.06466323014923807,0.2760262237369417,0.22082097898955336,-0.29814239699997197,0.3999999999999999,-0.48880807412862304,-0.19444595848006402,0.037367949319753097,0.04472135954999578,0.33123146848433005,0.3999999999999999,0.2760262237369417,0.3999999999999999,0.2760262237369417,0.3999999999999999,0.2760262237369417,0.10434983894999017,0.3999999999999999,-0.7229568912920512,0.06634307430901833,-0.48880807412862304,0.3999999999999999,-0.29814239699997197,0.08082903768654759,0.5333333333333332,0.0758206563531638,0.04472135954999578,0.06227991553292183,-0.218751703290072,-0.3279566366999692,-0.5376888815414853,0.06227991553292183,0.10434983894999017,0.07453559924999298,0.04472135954999578,0.04982393242633746,0.07453559924999298,0.07453559924999298,0.5333333333333332,0.07453559924999298,0.05962847939999438,0.05962847939999438,0.055425625842204056,-0.29814239699997197,0.10434983894999017,-0.9036961141150641,-0.29814239699997197,0.04982393242633746,0.08593378488473193,-0.5376888815414853,-0.3577708763999664,0.05962847939999438,0.3999999999999999,-0.29814239699997197,-0.29814239699997197,0.08262364471909153,0.0923760430703401,0.07161148740394327,0.07453559924999298,0.11547005383792512,0.08529823839730928,0.0923760430703401,-0.29814239699997197,0.10392304845413261,0.3999999999999999,0.2760262237369417,0.08529823839730928,0.06227991553292183,0.11547005383792512,0.10392304845413261,-0.19444595848006402,0.11547005383792512,0.45184805705753184,-0.26736319291008803,-0.3875851160999636,-0.5376888815414853,0.46666666666666656,0.46666666666666656,0.06227991553292183,-0.218751703290072,0.46666666666666656,0.10392304845413261,0.11547005383792512,0.08164965809277257,0.06634307430901833,0.46666666666666656,0.2760262237369417,0.10392304845413261,0.33123146848433005,0.2760262237369417,0.3999999999999999,0.4416419579791067,0.0758206563531638,0.10434983894999017,0.4416419579791067,0.10392304845413261,-0.3577708763999664,-0.7832032988997222,-0.5865696889543477,-0.48880807412862304,-0.19444595848006402,-0.63545049636721,-0.24305744810008004,-0.3279566366999692,-0.3875851160999636,0.0923760430703401,0.10141851056742197,0.07473589863950619,0.04472135954999578,-0.5376888815414853,0.5999999999999999,0.33123146848433005,0.5333333333333332,-0.7832032988997222,-0.0,-0.0,-0.0,-0.0,-0.0,-0.0,-0.0,-0.0,-0.0
user6,0.10025608236552057,0.11457837984630923,0.05728918992315461,0.10762764703940997,0.10025608236552057,1.0000000000000004,0.03557996719973285,-0.41255036322587607,-0.37363235887853674,0.08593378488473193,0.07161148740394327,-0.20335645097671765,0.06689936080056727,0.4682955256039709,-0.4483588306542441,-0.22326252226057525,0.1289006773270979,0.02371997813315524,0.07161148740394327,-0.18605210188381271,-0.09162500586851201,0.04743995626631048,0.10025608236552057,-0.37363235887853674,-0.5775705085162265,-0.49506043587105125,0.5604485383178051,0.20069808240170184,-0.14884168150705018,0.03557996719973285,0.03557996719973285,-0.37363235887853674,0.05728918992315461,-0.5775705085162265,-0.2436798753627488,0.13379872160113454,0.3202563076101743,0.09487991253262096,0.05728918992315461,0.03557996719973285,0.05728918992315461,0.0711599343994657,0.10025608236552057,0.0711599343994657,0.7205766921228922,0.10025608236552057,-1.0169503597462533,-0.21379168035986137,-0.5775705085162265,0.10025608236552057,-0.5230853024299514,-0.18605210188381271,0.1289006773270979,-0.21379168035986137,0.6405126152203486,0.33449680400283643,-0.36551981304412323,-0.5230853024299514,-0.41255036322587607,0.13379872160113454,0.6405126152203486,0.3202563076101743,0.4803844614152615,0.33449680400283643,0.4803844614152615,0.4003203845127179,0.10025608236552057,0.4003203845127179,0.4003203845127179,0.3202563076101743,-0.08930500890423011,-0.5230853024299514,0.4803844614152615,-0.915255323771628,-0.5978117742056588,0.4682955256039709,0.38461538461538464,-0.49506043587105125,-0.5978117742056588,0.4803844614152615,0.10025608236552057,-0.5978117742056588,-0.8219911895327809,-0.19969207064108255,-0.22326252226057525,0.38461538461538464,0.5604485383178051,-0.2976833630141003,-0.15270834311418668,-0.18605210188381271,-0.5230853024299514,-0.2604729426373378,0.10025608236552057,0.05929994533288809,-0.12216667449134934,0.4013961648034037,-0.33489378339086284,-0.18605210188381271,-0.36551981304412323,-0.2976833630141003,0.11094003924504582,-0.36551981304412323,-0.5230853024299514,-0.49506043587105125,0.10025608236552057,0.11457837984630923,0.33449680400283643,-0.2436798753627488,0.05728918992315461,-0.18605210188381271,-0.2604729426373378,0.2631174057921088,-0.18325001173702404,0.07161148740394327,0.04743995626631048,-0.22326252226057525,0.04743995626631048,0.03557996719973285,0.04296689244236596,0.03557996719973285,-0.12216667449134934,0.4003203845127179,0.04743995626631048,-0.22326252226057525,-0.4483588306542441,-0.8135602877970027,-0.6600805811614017,-0.49506043587105125,-0.304599844203436,-0.49506043587105125,-0.304599844203436,-0.5978117742056588,-0.5230853024299514,-0.18605210188381271,-0.29050921568102517,0.13379872160113454,0.24019223070763074,-0.49506043587105125,0.07161148740394327,0.03557996719973285,0.08593378488473193,-0.7118652518223775,0.0,0.0,0.0,0.0,0.0,0.0,0.0,0.0,0.0
user7,0.3864367132317184,0.2760262237369417,0.33123146848433005,0.36299408518921206,0.33123146848433005,0.03557996719973285,0.9999999999999999,-0.8854377448471467,-0.2221968239454124,0.3864367132317184,0.3864367132317184,0.10497813183356475,0.04834937784152281,0.032232918561015206,-0.27157389593328185,0.08605645987207633,0.22082097898955336,0.42857142857142866,0.3864367132317184,0.06693280212272604,0.09810229431759451,0.5000000000000001,0.33123146848433005,-0.2962624319272166,-0.6324555320336761,-0.7589466384404113,0.04937707198786941,0.08058229640253801,0.1075705748400954,0.3571428571428572,0.5714285714285715,-0.2221968239454124,0.5520524474738834,-0.822192191643779,-0.28303690591491804,0.11281521496355322,0.06172133998483677,0.3571428571428572,0.4416419579791067,0.6428571428571429,0.4968472027264951,0.5000000000000001,0.3864367132317184,0.5000000000000001,0.03703280399090206,0.3864367132317184,-0.6485539470408167,0.11036508110729382,-0.6324555320336761,0.3864367132317184,-0.24688535993934713,0.06693280212272604,0.2760262237369417,0.13489065468669245,0.024688535993934706,0.06446583712203041,-0.31448545101657555,-0.24688535993934713,-0.6957010852370437,0.06446583712203041,0.03703280399090206,0.04937707198786941,0.04937707198786941,0.04834937784152281,0.03703280399090206,0.04937707198786941,0.2760262237369417,0.04937707198786941,0.04937707198786941,0.07406560798180412,0.11952286093343933,-0.24688535993934713,0.04937707198786941,-0.548776416726845,-0.24688535993934713,0.08058229640253801,0.04743995626631048,-0.8854377448471467,-0.27157389593328185,0.06172133998483677,0.4416419579791067,-0.24688535993934713,-0.1975082879514777,0.0801783725737273,0.09561828874675148,0.04743995626631048,0.03703280399090206,0.07649463099740118,0.09810229431759451,0.08605645987207633,-0.24688535993934713,0.07649463099740118,0.3864367132317184,0.28571428571428575,0.09810229431759451,0.04834937784152281,0.08605645987207633,0.05737097324805089,-0.3773825412198906,0.06693280212272604,0.2672612419124244,-0.3459339961182331,-0.24688535993934713,-0.9486832980505142,0.33123146848433005,0.33123146848433005,0.09669875568304562,-0.31448545101657555,0.4416419579791067,0.07649463099740118,0.08605645987207633,0.04056740422696879,0.11036508110729382,0.33123146848433005,0.42857142857142866,0.06693280212272604,0.42857142857142866,0.3571428571428572,0.3864367132317184,0.3571428571428572,0.09810229431759451,0.06172133998483677,0.28571428571428575,0.07649463099740118,-0.2962624319272166,-0.548776416726845,-0.7589466384404113,-0.6324555320336761,-0.25158836081326047,-0.7589466384404113,-0.28303690591491804,-0.24688535993934713,-0.2221968239454124,0.07649463099740118,0.09331389496316866,0.06446583712203041,0.06172133998483677,-0.6957010852370437,0.33123146848433005,0.3571428571428572,0.2760262237369417,-0.49888765156985904,-0.0,-0.0,-0.0,-0.0,-0.0,-0.0,-0.0,-0.0,-0.0
user8,-0.5865696889543477,-0.5376888815414853,-0.63545049636721,-0.5969018049108937,-0.48880807412862304,-0.41255036322587607,-0.8854377448471467,1.0,0.11450560855929454,-0.5865696889543477,-0.5376888815414853,-0.376232667917292,-0.8969790569302211,-0.6727342926976658,0.12491520933741221,-0.34470359938441525,-0.5376888815414853,-0.6957010852370437,-0.5376888815414853,-0.27213442056664366,-0.3955390345080354,-0.7589466384404113,-0.5376888815414853,0.13012000972647103,0.7428571428571429,0.7714285714285715,-0.4293960320973547,-1.0091014390464987,-0.4535573676110726,-0.6957010852370437,-0.7589466384404113,0.12491520933741221,-0.5865696889543477,0.7714285714285715,0.14585857970899507,-0.7848566748139434,-0.6011544449362966,-0.6957010852370437,-0.63545049636721,-0.7589466384404113,-0.5865696889543477,-0.822192191643779,-0.63545049636721,-0.822192191643779,-0.4293960320973547,-0.63545049636721,0.6310485101972925,-0.4188060365379198,0.7714285714285715,-0.63545049636721,0.11971040894835337,-0.38098818879330104,-0.5376888815414853,-0.3955390345080354,-0.4293960320973547,-0.8969790569302211,0.16574838603294892,0.12491520933741221,0.8285714285714286,-0.6727342926976658,-0.4293960320973547,-0.7729128577752384,-0.7729128577752384,-0.6727342926976658,-0.5152752385168257,-0.6870336513557675,-0.5376888815414853,-0.4293960320973547,-0.5152752385168257,-0.6011544449362966,-0.4535573676110726,0.10930080817023569,-0.4293960320973547,0.608511063404532,0.10930080817023569,-0.7848566748139434,-0.6600805811614017,0.8,0.11450560855929454,-0.5152752385168257,-0.5865696889543477,0.11450560855929454,0.10930080817023569,-0.40567404226968806,-0.30841900997552946,-0.6600805811614017,-0.5152752385168257,-0.29027671527108656,-0.4188060365379198,-0.36284589408885815,0.12491520933741221,-0.30841900997552946,-0.63545049636721,-0.6957010852370437,-0.372272032478151,-0.7848566748139434,-0.27213442056664366,-0.29027671527108656,0.159118450591631,-0.30841900997552946,-0.5206150209127663,0.14585857970899507,0.11971040894835337,0.8,-0.5865696889543477,-0.63545049636721,-0.8969790569302211,0.13922864426767712,-0.48880807412862304,-0.32656130467997235,-0.36284589408885815,-0.5644557429190403,-0.372272032478151,-0.5865696889543477,-0.6957010852370437,-0.32656130467997235,-0.7589466384404113,-0.6957010852370437,-0.5865696889543477,-0.6957010852370437,-0.3955390345080354,-0.5152752385168257,-0.6957010852370437,-0.30841900997552946,0.11971040894835337,0.608511063404532,0.8285714285714286,0.7714285714285715,0.14585857970899507,0.7714285714285715,0.15248851515031303,0.10930080817023569,0.10930080817023569,-0.27213442056664366,-0.283281067608314,-0.6727342926976658,-0.6011544449362966,0.7714285714285715,-0.5376888815414853,-0.7589466384404113,-0.5865696889543477,0.653585956990053,-0.0,-0.0,-0.0,-0.0,-0.0,-0.0,-0.0,-0.0,-0.0
user9,-0.3279566366999692,-0.29814239699997197,-0.3875851160999636,-0.280056016805602,-0.2683281572999748,-0.37363235887853674,-0.2221968239454124,0.11450560855929454,1.0000000000000007,-0.2683281572999748,-0.29814239699997197,0.08063242090863514,-0.4549229408975572,-0.3899339493407633,0.7037037037037039,0.12909944487358055,-0.2683281572999748,-0.24688535993934713,-0.29814239699997197,0.12909944487358055,0.10596258856520349,-0.2221968239454124,-0.29814239699997197,0.6296296296296298,0.11971040894835337,0.11450560855929454,-0.4666666666666669,-0.25995596622717554,0.08950894844568252,-0.27157389593328185,-0.2962624319272166,0.8148148148148152,-0.3875851160999636,0.11971040894835337,0.6340751391209738,-0.5199119324543511,-0.5444444444444447,-0.1975082879514777,-0.3577708763999664,-0.2962624319272166,-0.3875851160999636,-0.1975082879514777,-0.2683281572999748,-0.1975082879514777,-0.4666666666666669,-0.2683281572999748,0.13471506281091267,0.08477007085216277,0.11971040894835337,-0.2683281572999748,0.7037037037037039,0.12909944487358055,-0.29814239699997197,0.08477007085216277,-0.38888888888888906,-0.3899339493407633,0.5132989221455502,0.6666666666666669,0.12491520933741221,-0.4549229408975572,-0.4666666666666669,-0.6222222222222226,-0.38888888888888906,-0.3899339493407633,-0.38888888888888906,-0.38888888888888906,-0.3577708763999664,-0.38888888888888906,-0.38888888888888906,-0.4666666666666669,0.11016485962545541,0.7777777777777781,-0.38888888888888906,0.14754506879290435,0.8148148148148152,-0.25995596622717554,-0.37363235887853674,0.10930080817023569,0.6666666666666669,-0.5444444444444447,-0.3279566366999692,0.7037037037037039,0.6296296296296298,0.0923760430703401,0.12049281521534184,-0.4483588306542441,-0.38888888888888906,0.11188618555710314,0.08477007085216277,0.11188618555710314,0.740740740740741,0.14631270419005796,-0.2683281572999748,-0.27157389593328185,0.09183424342317635,-0.3249449577839694,0.12049281521534184,0.14631270419005796,0.5434929763894061,0.12049281521534184,-0.3464101615137755,0.573687030633262,0.7037037037037039,0.11450560855929454,-0.29814239699997197,-0.29814239699997197,-0.25995596622717554,0.6642691933648297,-0.3279566366999692,0.15491933384829668,0.12909944487358055,-0.596409007061181,0.09183424342317635,-0.3577708763999664,-0.2221968239454124,0.12049281521534184,-0.24688535993934713,-0.2221968239454124,-0.29814239699997197,-0.1975082879514777,0.09889841599418991,-0.38888888888888906,-0.27157389593328185,0.12909944487358055,0.7037037037037039,0.1539600717839002,0.11450560855929454,0.12491520933741221,0.6340751391209738,0.11971040894835337,0.5434929763894061,0.7037037037037039,0.7037037037037039,0.12049281521534184,0.13438736818105854,-0.5199119324543511,-0.6222222222222226,0.11971040894835337,-0.29814239699997197,-0.24688535993934713,-0.3577708763999664,0.1539600717839002,-0.0,-0.0,-0.3387121579245805,-0.0,-0.0,-0.0,-0.0,-0.0,-0.0
user10,0.5999999999999999,0.5333333333333332,0.46666666666666656,0.5636018619766344,0.46666666666666656,0.08593378488473193,0.3864367132317184,-0.5865696889543477,-0.2683281572999748,0.9999999999999998,0.5333333333333332,0.08113480845393758,0.037367949319753097,0.04982393242633746,-0.3279566366999692,0.0923760430703401,0.3999999999999999,0.33123146848433005,0.5999999999999999,0.12701705922171763,0.06634307430901833,0.4968472027264951,0.5333333333333332,-0.3279566366999692,-0.48880807412862304,-0.6843313037800721,0.10434983894999017,0.06227991553292183,0.0831384387633061,0.4416419579791067,0.33123146848433005,-0.3279566366999692,0.5333333333333332,-0.5865696889543477,-0.218751703290072,0.06227991553292183,0.07453559924999298,0.4416419579791067,0.5999999999999999,0.3864367132317184,0.5333333333333332,0.4968472027264951,0.6666666666666665,0.4968472027264951,0.08944271909999156,0.6666666666666665,-0.9639425217227351,0.10425340248560022,-0.5376888815414853,0.6666666666666665,-0.3577708763999664,0.10392304845413261,0.5333333333333332,0.06634307430901833,0.07453559924999298,0.04982393242633746,-0.26736319291008803,-0.29814239699997197,-0.5865696889543477,0.04982393242633746,0.07453559924999298,0.05962847939999438,0.10434983894999017,0.06227991553292183,0.08944271909999156,0.07453559924999298,0.3999999999999999,0.10434983894999017,0.13416407864998736,0.11925695879998877,0.07390083445627209,-0.29814239699997197,0.08944271909999156,-0.7229568912920512,-0.29814239699997197,0.07473589863950619,0.11457837984630923,-0.5376888815414853,-0.3875851160999636,0.11925695879998877,0.5999999999999999,-0.3279566366999692,-0.3279566366999692,0.0722956891292051,0.13856406460551016,0.10025608236552057,0.08944271909999156,0.13856406460551016,0.08529823839730928,0.10392304845413261,-0.3279566366999692,0.11547005383792512,0.6666666666666665,0.2760262237369417,0.06634307430901833,0.07473589863950619,0.12701705922171763,0.10392304845413261,-0.24305744810008004,0.0923760430703401,0.5163977794943221,-0.26736319291008803,-0.3279566366999692,-0.5376888815414853,0.5999999999999999,0.5999999999999999,0.037367949319753097,-0.218751703290072,0.46666666666666656,0.10392304845413261,0.10392304845413261,0.08164965809277257,0.1137309845297457,0.46666666666666656,0.4416419579791067,0.10392304845413261,0.33123146848433005,0.3864367132317184,0.5999999999999999,0.2760262237369417,0.0758206563531638,0.05962847939999438,0.22082097898955336,0.10392304845413261,-0.3279566366999692,-0.7832032988997222,-0.5865696889543477,-0.5865696889543477,-0.218751703290072,-0.5376888815414853,-0.19444595848006402,-0.3577708763999664,-0.29814239699997197,0.10392304845413261,0.1126872339638022,0.037367949319753097,0.08944271909999156,-0.5376888815414853,0.3999999999999999,0.22082097898955336,0.3999999999999999,-0.7229568912920512,-0.0,-0.0,-0.0,-0.0,-0.0,-0.0,-0.0,-0.0,-0.0
user11,0.5333333333333332,0.5333333333333332,0.5333333333333332,0.5636018619766344,0.3999999999999999,0.07161148740394327,0.3864367132317184,-0.5376888815414853,-0.29814239699997197,0.5333333333333332,0.9999999999999998,0.0721198297368334,0.037367949319753097,0.02491196621316873,-0.3875851160999636,0.11547005383792512,0.33333333333333326,0.3864367132317184,0.3999999999999999,0.11547005383792512,0.0758206563531638,0.33123146848433005,0.3999999999999999,-0.3577708763999664,-0.5376888815414853,-0.6843313037800721,0.08944271909999156,0.037367949319753097,0.0923760430703401,0.3864367132317184,0.3864367132317184,-0.29814239699997197,0.5333333333333332,-0.6843313037800721,-0.218751703290072,0.04982393242633746,0.10434983894999017,0.3864367132317184,0.46666666666666656,0.33123146848433005,0.46666666666666656,0.33123146848433005,0.46666666666666656,0.33123146848433005,0.07453559924999298,0.46666666666666656,-0.7832032988997222,0.0758206563531638,-0.5865696889543477,0.46666666666666656,-0.3577708763999664,0.12701705922171763,0.46666666666666656,0.08529823839730928,0.11925695879998877,0.037367949319753097,-0.26736319291008803,-0.29814239699997197,-0.5376888815414853,0.06227991553292183,0.07453559924999298,0.05962847939999438,0.07453559924999298,0.04982393242633746,0.07453559924999298,0.08944271909999156,0.3999999999999999,0.08944271909999156,0.10434983894999017,0.10434983894999017,0.0831384387633061,-0.29814239699997197,0.08944271909999156,-0.6627104836843803,-0.29814239699997197,0.04982393242633746,0.05728918992315461,-0.48880807412862304,-0.3279566366999692,0.08944271909999156,0.5333333333333332,-0.3279566366999692,-0.3577708763999664,0.09295160030897798,0.11547005383792512,0.07161148740394327,0.10434983894999017,0.10392304845413261,0.0758206563531638,0.12701705922171763,-0.3279566366999692,0.10392304845413261,0.3999999999999999,0.2760262237369417,0.1137309845297457,0.04982393242633746,0.10392304845413261,0.12701705922171763,-0.24305744810008004,0.10392304845413261,0.3872983346207416,-0.24305744810008004,-0.3279566366999692,-0.5865696889543477,0.3999999999999999,0.46666666666666656,0.04982393242633746,-0.26736319291008803,0.46666666666666656,0.0923760430703401,0.08082903768654759,0.06531972647421806,0.08529823839730928,0.3999999999999999,0.3864367132317184,0.0923760430703401,0.4416419579791067,0.3864367132317184,0.5999999999999999,0.2760262237369417,0.06634307430901833,0.10434983894999017,0.3864367132317184,0.12701705922171763,-0.3279566366999692,-0.7229568912920512,-0.5865696889543477,-0.5865696889543477,-0.218751703290072,-0.63545049636721,-0.218751703290072,-0.3279566366999692,-0.2683281572999748,0.10392304845413261,0.13522468075656266,0.037367949319753097,0.10434983894999017,-0.5865696889543477,0.33333333333333326,0.3864367132317184,0.33333333333333326,-0.6627104836843803,-0.0,-0.0,-0.0,-0.0,-0.0,-0.0,-0.0,-0.0,-0.0
user12,0.08113480845393758,0.0721198297368334,0.06310485101972922,0.09314907782839349,0.0721198297368334,-0.20335645097671765,0.10497813183356475,-0.376232667917292,0.08063242090863514,0.08113480845393758,0.0721198297368334,1.0000000000000007,-0.15790840679034457,-0.11843130509275844,0.09407115772674099,0.46843203501529596,0.08113480845393758,0.08164965809277258,0.08113480845393758,0.42939603209735466,0.5006261743217588,0.10497813183356475,0.09014978717104176,0.08735178931768806,-0.39836400132419153,-0.376232667917292,-0.12094863136295277,-0.19738550848793074,0.43915503282684,0.0699854212223765,0.08164965809277258,0.08735178931768806,0.06310485101972922,-0.3541013345103925,0.11126972805283734,-0.15790840679034457,-0.12094863136295277,0.11664236870396083,0.06310485101972922,0.08164965809277258,0.06310485101972922,0.10497813183356475,0.08113480845393758,0.10497813183356475,-0.18142294704442918,0.08113480845393758,-0.31423376193982916,0.6007514091861106,-0.3541013345103925,0.08113480845393758,0.08063242090863514,0.351324026261472,0.06310485101972922,0.6508140266182865,-0.21166010488516737,-0.15790840679034457,0.11126972805283734,0.10079052613579391,-0.3541013345103925,-0.23686261018551688,-0.18142294704442918,-0.18142294704442918,-0.18142294704442918,-0.19738550848793074,-0.15118578920369097,-0.12094863136295277,0.0721198297368334,-0.15118578920369097,-0.12094863136295277,-0.12094863136295277,0.43915503282684,0.10079052613579391,-0.12094863136295277,-0.27931889950207034,0.08735178931768806,-0.19738550848793074,-0.1452546078405126,-0.39836400132419153,0.08735178931768806,-0.18142294704442918,0.08113480845393758,0.10079052613579391,0.10750989454484683,0.545544725589981,0.46843203501529596,-0.1452546078405126,-0.12094863136295277,0.39036002917941337,0.5006261743217588,0.39036002917941337,0.08735178931768806,0.351324026261472,0.08113480845393758,0.08164965809277258,0.5006261743217588,-0.15790840679034457,0.46843203501529596,0.39036002917941337,0.1198289379030556,0.42939603209735466,0.06982972487551756,0.10271051820261909,0.09407115772674099,-0.376232667917292,0.08113480845393758,0.08113480845393758,-0.23686261018551688,0.1198289379030556,0.09916476588814595,0.42939603209735466,0.42939603209735466,-0.13249258739373204,0.6007514091861106,0.09014978717104176,0.0699854212223765,0.42939603209735466,0.10497813183356475,0.09331389496316866,0.08113480845393758,0.09331389496316866,0.5506887917539347,-0.15118578920369097,0.09331389496316866,0.42939603209735466,0.08735178931768806,-0.2967763307209498,-0.4204953347310911,-0.3541013345103925,0.10271051820261909,-0.3541013345103925,0.1198289379030556,0.10079052613579391,0.08735178931768806,0.5465040408511785,0.38095238095238104,-0.11843130509275844,-0.12094863136295277,-0.3541013345103925,0.0721198297368334,0.08164965809277258,0.06310485101972922,-0.2967763307209498,-0.0,-0.0,-0.0,-0.0,-0.0,-0.0,-0.0,-0.0,-0.0
user13,0.037367949319753097,0.037367949319753097,0.06227991553292183,0.058501793930170444,0.04982393242633746,0.06689936080056727,0.04834937784152281,-0.8969790569302211,-0.4549229408975572,0.037367949319753097,0.037367949319753097,-0.15790840679034457,1.0000000000000002,0.09090909090909091,-0.3899339493407633,-0.22653115378764943,0.037367949319753097,0.06446583712203041,0.037367949319753097,-0.16180796699117814,-0.2905200748237513,0.04834937784152281,0.04982393242633746,-0.5199119324543511,-0.6727342926976658,-0.8969790569302211,0.20889318714683747,0.27272727272727276,-0.3236159339823563,0.08058229640253801,0.04834937784152281,-0.5199119324543511,0.02491196621316873,-0.7848566748139434,-0.6622698835077727,0.18181818181818182,0.20889318714683747,0.032232918561015206,0.04982393242633746,0.04834937784152281,0.037367949319753097,0.06446583712203041,0.04982393242633746,0.06446583712203041,0.1392621247645583,0.04982393242633746,-0.6191032941996747,-0.20751433915982237,-0.7848566748139434,0.04982393242633746,-0.4549229408975572,-0.22653115378764943,0.037367949319753097,-0.1660114713278579,0.1392621247645583,0.3636363636363637,-0.5794861480693012,-0.5199119324543511,-1.0091014390464987,0.18181818181818182,0.1392621247645583,0.20889318714683747,0.20889318714683747,0.27272727272727276,0.1392621247645583,0.1392621247645583,0.037367949319753097,0.20889318714683747,0.20889318714683747,0.1392621247645583,-0.24271195048676722,-0.5199119324543511,0.27852424952911664,-0.7075466219424854,-0.3249449577839694,0.09090909090909091,0.33449680400283643,-0.7848566748139434,-0.3249449577839694,0.06963106238227915,0.037367949319753097,-0.3899339493407633,-0.3249449577839694,-0.13568010505999364,-0.16180796699117814,0.20069808240170184,0.1392621247645583,-0.1294463735929425,-0.3320229426557158,-0.19416956038941377,-0.5199119324543511,-0.16180796699117814,0.037367949319753097,0.032232918561015206,-0.20751433915982237,0.27272727272727276,-0.1294463735929425,-0.16180796699117814,-0.4967024126308296,-0.1294463735929425,0.03618136134933163,-0.4967024126308296,-0.3249449577839694,-0.8969790569302211,0.037367949319753097,0.02491196621316873,0.27272727272727276,-0.5794861480693012,0.037367949319753097,-0.1294463735929425,-0.19416956038941377,0.22883102141894218,-0.12450860349589345,0.04982393242633746,0.06446583712203041,-0.19416956038941377,0.06446583712203041,0.09669875568304562,0.037367949319753097,0.09669875568304562,-0.24901720699178684,0.27852424952911664,0.04834937784152281,-0.1294463735929425,-0.4549229408975572,-0.6191032941996747,-0.6727342926976658,-0.7848566748139434,-0.4967024126308296,-0.7848566748139434,-0.4967024126308296,-0.3249449577839694,-0.3899339493407633,-0.1294463735929425,-0.12632672543227566,0.27272727272727276,0.20889318714683747,-0.7848566748139434,0.06227991553292183,0.08058229640253801,0.04982393242633746,-0.8844332774281067,0.0,0.0,0.06030226891555271,0.0,0.0,0.0,0.0,0.0,0.0
